[03/24/2026-10:27:20] [TRT] [I] Loaded engine size: 337 MiB
[03/24/2026-10:27:20] [TRT] [I] [MS] Running engine with multi stream info
[03/24/2026-10:27:20] [TRT] [I] [MS] Number of aux streams is 1
[03/24/2026-10:27:20] [TRT] [I] [MS] Number of total worker streams is 2
[03/24/2026-10:27:20] [TRT] [I] [MS] The main stream provided by execute/enqueue calls is the first worker stream
[03/24/2026-10:27:20] [TRT] [I] [MemUsageChange] TensorRT-managed allocation in IExecutionContext creation: CPU +0, GPU +9365, now: CPU 0, GPU 9677 (MiB)
Notice: ffmpeg is not installed. torchaudio is used to load audio
If you want to use ffmpeg backend to load audio, please install it by:
	sudo apt install ffmpeg # ubuntu
	# brew install ffmpeg # mac
> /WORK/PUBLIC/renju_work/jty/vita/infer/vitastreaming.py(298)run_infer_stream()
-> generation_kwargs = dict(
(Pdb) before audio text time: 147.07668499392457
====================================================================================================
self.mtp_idx=0
layer_idx=28
input_ids.size()=torch.Size([1, 104]) input_ids=tensor([[  8948,    198,   7771,   3988,     25,  24453,    198,   7771,  28217,
             25,   8593,    271,  65354,    304,    264,   1467,   7409,   3230,
          94968,   4141,  11566,     13, 151645,    198, 151644,    872,    271,
         151674, 162500, 161106, 153561, 157528, 153516, 163481, 157562, 153964,
         163732, 153549, 163801, 165268, 167646, 158718, 163430, 155568, 161956,
         159671, 157315, 162993, 166750, 157820, 164518, 161813, 161064, 153915,
         166836, 153549, 156389, 167223, 164953, 159468, 163280, 160710, 164439,
         157865, 162035, 164981, 166889, 153296, 153911, 152701, 167636, 160402,
         167348, 158048, 162793, 167997, 165553, 156239, 152182, 154497, 159044,
         163637, 152063, 164105, 167658, 153137, 166381, 156223, 167096, 166725,
         166725, 166725, 166725, 166725, 166725, 166725, 163902, 151675, 151645,
            198, 151644,  77091,    198,    785]], device='cuda:0')
hidden_states.size()=torch.Size([1, 104, 3584]) hidden_states=tensor([[[-0.2109, -1.6953, -0.7617,  ...,  0.2734,  1.3047,  1.2188],
         [-0.1592, -1.6562, -0.6445,  ...,  0.0977,  1.5391,  1.3594],
         [ 0.1138, -0.0825, -0.1162,  ..., -0.0243,  0.1230,  0.0288],
         ...,
         [ 0.7930, -1.2812,  1.9453,  ..., -3.7344,  1.5469,  1.9531],
         [-0.2070, -0.7305,  0.3809,  ..., -0.8750,  0.4961,  1.3672],
         [-2.6094, -1.0234,  2.6719,  ...,  1.4141,  2.6094,  2.9844]]],
       device='cuda:0', dtype=torch.bfloat16)
attention_mask.size()=torch.Size([1, 104]) attention_mask=tensor([[1, 1, 1, 1, 1, 1, 1, 1, 1, 1, 1, 1, 1, 1, 1, 1, 1, 1, 1, 1, 1, 1, 1, 1,
         1, 1, 1, 1, 1, 1, 1, 1, 1, 1, 1, 1, 1, 1, 1, 1, 1, 1, 1, 1, 1, 1, 1, 1,
         1, 1, 1, 1, 1, 1, 1, 1, 1, 1, 1, 1, 1, 1, 1, 1, 1, 1, 1, 1, 1, 1, 1, 1,
         1, 1, 1, 1, 1, 1, 1, 1, 1, 1, 1, 1, 1, 1, 1, 1, 1, 1, 1, 1, 1, 1, 1, 1,
         1, 1, 1, 1, 1, 1, 1, 1]], device='cuda:0')
position_ids.size()=torch.Size([1, 104]) position_ids=tensor([[  1,   2,   3,   4,   5,   6,   7,   8,   9,  10,  11,  12,  13,  14,
          15,  16,  17,  18,  19,  20,  21,  22,  23,  24,  25,  26,  27,  28,
          29,  30,  31,  32,  33,  34,  35,  36,  37,  38,  39,  40,  41,  42,
          43,  44,  45,  46,  47,  48,  49,  50,  51,  52,  53,  54,  55,  56,
          57,  58,  59,  60,  61,  62,  63,  64,  65,  66,  67,  68,  69,  70,
          71,  72,  73,  74,  75,  76,  77,  78,  79,  80,  81,  82,  83,  84,
          85,  86,  87,  88,  89,  90,  91,  92,  93,  94,  95,  96,  97,  98,
          99, 100, 101, 102, 103, 104]], device='cuda:0')
use_cache=True
num_logits_to_keep=1
output_attentions=False
output_hidden_states=False
cache_position=tensor([104], device='cuda:0')
before audio text time: 147.10135430900846
====================================================================================================
self.mtp_idx=1
layer_idx=29
input_ids.size()=torch.Size([1, 104]) input_ids=tensor([[   198,   7771,   3988,     25,  24453,    198,   7771,  28217,     25,
           8593,    271,  65354,    304,    264,   1467,   7409,   3230,  94968,
           4141,  11566,     13, 151645,    198, 151644,    872,    271, 151674,
         162500, 161106, 153561, 157528, 153516, 163481, 157562, 153964, 163732,
         153549, 163801, 165268, 167646, 158718, 163430, 155568, 161956, 159671,
         157315, 162993, 166750, 157820, 164518, 161813, 161064, 153915, 166836,
         153549, 156389, 167223, 164953, 159468, 163280, 160710, 164439, 157865,
         162035, 164981, 166889, 153296, 153911, 152701, 167636, 160402, 167348,
         158048, 162793, 167997, 165553, 156239, 152182, 154497, 159044, 163637,
         152063, 164105, 167658, 153137, 166381, 156223, 167096, 166725, 166725,
         166725, 166725, 166725, 166725, 166725, 163902, 151675, 151645,    198,
         151644,  77091,    198,    785, 151674]], device='cuda:0')
hidden_states.size()=torch.Size([1, 104, 3584]) hidden_states=tensor([[[ 3.5781, -5.5000, -1.6484,  ...,  1.4609,  5.0625,  1.7578],
         [ 0.0908,  0.8906,  1.0000,  ...,  1.0703, -1.2812, -0.0776],
         [ 1.7500, -2.5156,  2.1719,  ..., -2.9844, -3.1719, -0.1240],
         ...,
         [ 0.2480, -0.1621, -2.5625,  ..., -4.9688,  0.3281, -1.9844],
         [-2.5625,  0.1250,  0.2695,  ...,  0.0732, -0.4258,  3.2031],
         [-0.8867, -1.1641,  2.8906,  ...,  0.1475,  2.4062,  4.0312]]],
       device='cuda:0', dtype=torch.bfloat16)
attention_mask.size()=torch.Size([1, 104]) attention_mask=tensor([[1, 1, 1, 1, 1, 1, 1, 1, 1, 1, 1, 1, 1, 1, 1, 1, 1, 1, 1, 1, 1, 1, 1, 1,
         1, 1, 1, 1, 1, 1, 1, 1, 1, 1, 1, 1, 1, 1, 1, 1, 1, 1, 1, 1, 1, 1, 1, 1,
         1, 1, 1, 1, 1, 1, 1, 1, 1, 1, 1, 1, 1, 1, 1, 1, 1, 1, 1, 1, 1, 1, 1, 1,
         1, 1, 1, 1, 1, 1, 1, 1, 1, 1, 1, 1, 1, 1, 1, 1, 1, 1, 1, 1, 1, 1, 1, 1,
         1, 1, 1, 1, 1, 1, 1, 1]], device='cuda:0')
position_ids.size()=torch.Size([1, 104]) position_ids=tensor([[  2,   3,   4,   5,   6,   7,   8,   9,  10,  11,  12,  13,  14,  15,
          16,  17,  18,  19,  20,  21,  22,  23,  24,  25,  26,  27,  28,  29,
          30,  31,  32,  33,  34,  35,  36,  37,  38,  39,  40,  41,  42,  43,
          44,  45,  46,  47,  48,  49,  50,  51,  52,  53,  54,  55,  56,  57,
          58,  59,  60,  61,  62,  63,  64,  65,  66,  67,  68,  69,  70,  71,
          72,  73,  74,  75,  76,  77,  78,  79,  80,  81,  82,  83,  84,  85,
          86,  87,  88,  89,  90,  91,  92,  93,  94,  95,  96,  97,  98,  99,
         100, 101, 102, 103, 104, 105]], device='cuda:0')
use_cache=True
num_logits_to_keep=1
output_attentions=False
output_hidden_states=False
cache_position=tensor([105], device='cuda:0')
before audio text time: 147.1101480339421
====================================================================================================
self.mtp_idx=2
layer_idx=30
input_ids.size()=torch.Size([1, 104]) input_ids=tensor([[  7771,   3988,     25,  24453,    198,   7771,  28217,     25,   8593,
            271,  65354,    304,    264,   1467,   7409,   3230,  94968,   4141,
          11566,     13, 151645,    198, 151644,    872,    271, 151674, 162500,
         161106, 153561, 157528, 153516, 163481, 157562, 153964, 163732, 153549,
         163801, 165268, 167646, 158718, 163430, 155568, 161956, 159671, 157315,
         162993, 166750, 157820, 164518, 161813, 161064, 153915, 166836, 153549,
         156389, 167223, 164953, 159468, 163280, 160710, 164439, 157865, 162035,
         164981, 166889, 153296, 153911, 152701, 167636, 160402, 167348, 158048,
         162793, 167997, 165553, 156239, 152182, 154497, 159044, 163637, 152063,
         164105, 167658, 153137, 166381, 156223, 167096, 166725, 166725, 166725,
         166725, 166725, 166725, 166725, 163902, 151675, 151645,    198, 151644,
          77091,    198,    785, 151674, 165980]], device='cuda:0')
hidden_states.size()=torch.Size([1, 104, 3584]) hidden_states=tensor([[[-1.0625, -1.7109,  0.1016,  ..., -0.3965,  2.6719, -2.4219],
         [ 0.9648, -4.4375,  0.3320,  ..., -0.8359, -2.7656, -0.1162],
         [-1.4844,  1.7812, -1.4141,  ..., -1.6016,  2.0000,  0.1309],
         ...,
         [-2.7188, -0.0457,  0.4004,  ...,  2.4062,  1.1562,  3.4375],
         [ 1.4453,  2.3906,  2.9062,  ...,  0.9883,  2.2500,  6.0000],
         [-1.5625,  2.2188, -1.2031,  ..., -1.6328,  0.7266,  1.8828]]],
       device='cuda:0', dtype=torch.bfloat16)
attention_mask.size()=torch.Size([1, 104]) attention_mask=tensor([[1, 1, 1, 1, 1, 1, 1, 1, 1, 1, 1, 1, 1, 1, 1, 1, 1, 1, 1, 1, 1, 1, 1, 1,
         1, 1, 1, 1, 1, 1, 1, 1, 1, 1, 1, 1, 1, 1, 1, 1, 1, 1, 1, 1, 1, 1, 1, 1,
         1, 1, 1, 1, 1, 1, 1, 1, 1, 1, 1, 1, 1, 1, 1, 1, 1, 1, 1, 1, 1, 1, 1, 1,
         1, 1, 1, 1, 1, 1, 1, 1, 1, 1, 1, 1, 1, 1, 1, 1, 1, 1, 1, 1, 1, 1, 1, 1,
         1, 1, 1, 1, 1, 1, 1, 1]], device='cuda:0')
position_ids.size()=torch.Size([1, 104]) position_ids=tensor([[  3,   4,   5,   6,   7,   8,   9,  10,  11,  12,  13,  14,  15,  16,
          17,  18,  19,  20,  21,  22,  23,  24,  25,  26,  27,  28,  29,  30,
          31,  32,  33,  34,  35,  36,  37,  38,  39,  40,  41,  42,  43,  44,
          45,  46,  47,  48,  49,  50,  51,  52,  53,  54,  55,  56,  57,  58,
          59,  60,  61,  62,  63,  64,  65,  66,  67,  68,  69,  70,  71,  72,
          73,  74,  75,  76,  77,  78,  79,  80,  81,  82,  83,  84,  85,  86,
          87,  88,  89,  90,  91,  92,  93,  94,  95,  96,  97,  98,  99, 100,
         101, 102, 103, 104, 105, 106]], device='cuda:0')
use_cache=True
num_logits_to_keep=1
output_attentions=False
output_hidden_states=False
cache_position=tensor([106], device='cuda:0')
before audio text time: 147.1193766539218
====================================================================================================
self.mtp_idx=3
layer_idx=31
input_ids.size()=torch.Size([1, 104]) input_ids=tensor([[  3988,     25,  24453,    198,   7771,  28217,     25,   8593,    271,
          65354,    304,    264,   1467,   7409,   3230,  94968,   4141,  11566,
             13, 151645,    198, 151644,    872,    271, 151674, 162500, 161106,
         153561, 157528, 153516, 163481, 157562, 153964, 163732, 153549, 163801,
         165268, 167646, 158718, 163430, 155568, 161956, 159671, 157315, 162993,
         166750, 157820, 164518, 161813, 161064, 153915, 166836, 153549, 156389,
         167223, 164953, 159468, 163280, 160710, 164439, 157865, 162035, 164981,
         166889, 153296, 153911, 152701, 167636, 160402, 167348, 158048, 162793,
         167997, 165553, 156239, 152182, 154497, 159044, 163637, 152063, 164105,
         167658, 153137, 166381, 156223, 167096, 166725, 166725, 166725, 166725,
         166725, 166725, 166725, 163902, 151675, 151645,    198, 151644,  77091,
            198,    785, 151674, 165980, 159683]], device='cuda:0')
hidden_states.size()=torch.Size([1, 104, 3584]) hidden_states=tensor([[[-4.8438, -2.7500,  2.0938,  ..., -1.0156, -0.5234,  2.6406],
         [-3.9375,  4.5625, -3.7812,  ..., -5.2812,  4.4375,  1.3672],
         [-2.6094,  1.7500, -1.7891,  ..., -3.4219,  3.0469, -2.1250],
         ...,
         [ 2.2656, -0.1895, -1.9609,  ..., -0.3281,  1.6406,  3.1094],
         [ 0.2656,  6.5625, -3.3281,  ...,  1.2266,  1.2656,  2.4062],
         [-3.3594,  1.1953, -0.7578,  ..., -2.2969, -0.6211, -2.1719]]],
       device='cuda:0', dtype=torch.bfloat16)
attention_mask.size()=torch.Size([1, 104]) attention_mask=tensor([[1, 1, 1, 1, 1, 1, 1, 1, 1, 1, 1, 1, 1, 1, 1, 1, 1, 1, 1, 1, 1, 1, 1, 1,
         1, 1, 1, 1, 1, 1, 1, 1, 1, 1, 1, 1, 1, 1, 1, 1, 1, 1, 1, 1, 1, 1, 1, 1,
         1, 1, 1, 1, 1, 1, 1, 1, 1, 1, 1, 1, 1, 1, 1, 1, 1, 1, 1, 1, 1, 1, 1, 1,
         1, 1, 1, 1, 1, 1, 1, 1, 1, 1, 1, 1, 1, 1, 1, 1, 1, 1, 1, 1, 1, 1, 1, 1,
         1, 1, 1, 1, 1, 1, 1, 1]], device='cuda:0')
position_ids.size()=torch.Size([1, 104]) position_ids=tensor([[  4,   5,   6,   7,   8,   9,  10,  11,  12,  13,  14,  15,  16,  17,
          18,  19,  20,  21,  22,  23,  24,  25,  26,  27,  28,  29,  30,  31,
          32,  33,  34,  35,  36,  37,  38,  39,  40,  41,  42,  43,  44,  45,
          46,  47,  48,  49,  50,  51,  52,  53,  54,  55,  56,  57,  58,  59,
          60,  61,  62,  63,  64,  65,  66,  67,  68,  69,  70,  71,  72,  73,
          74,  75,  76,  77,  78,  79,  80,  81,  82,  83,  84,  85,  86,  87,
          88,  89,  90,  91,  92,  93,  94,  95,  96,  97,  98,  99, 100, 101,
         102, 103, 104, 105, 106, 107]], device='cuda:0')
use_cache=True
num_logits_to_keep=1
output_attentions=False
output_hidden_states=False
cache_position=tensor([107], device='cuda:0')
before audio text time: 147.12836498499382
2
before audio text time: 147.1692374299746
before audio text time: 147.20086353400256
before audio text time: 147.21830774995033
====================================================================================================
self.mtp_idx=0
layer_idx=28
input_ids.size()=torch.Size([1, 7]) input_ids=tensor([[151674, 165980, 159683, 151675,  36676,  17795,    429]],
       device='cuda:0')
hidden_states.size()=torch.Size([1, 7, 3584]) hidden_states=tensor([[[ 2.7031, -2.3125,  0.6250,  ..., -2.4219,  2.3281,  1.7422],
         [ 4.7188, -0.5039,  2.1250,  ..., -0.9492,  2.5781, -0.9219],
         [ 1.4688,  0.0352, -1.8438,  ...,  0.7188, -1.6172, -1.1328],
         ...,
         [ 1.5859, -4.7188,  0.3086,  ..., -2.0156,  3.0781,  3.6406],
         [ 3.0938, -5.8125,  0.3418,  ...,  0.4375,  2.2812,  4.3125],
         [ 0.4922, -1.9062, -1.3594,  ..., -0.4121,  2.5469,  3.1094]]],
       device='cuda:0', dtype=torch.bfloat16)
attention_mask.size()=torch.Size([1, 7]) attention_mask=tensor([[1, 1, 1, 1, 1, 1, 1]], device='cuda:0')
position_ids.size()=torch.Size([1, 7]) position_ids=tensor([[105, 106, 107, 108, 109, 110, 111]], device='cuda:0')
past_key_values.key_cache[layer_idx].size()=torch.Size([1, 4, 104, 128])
use_cache=True
num_logits_to_keep=1
output_attentions=False
output_hidden_states=False
cache_position=tensor([111], device='cuda:0')
before audio text time: 147.22283560200594
====================================================================================================
self.mtp_idx=1
layer_idx=29
input_ids.size()=torch.Size([1, 7]) input_ids=tensor([[165980, 159683, 151675,  36676,  17795,    429, 151674]],
       device='cuda:0')
hidden_states.size()=torch.Size([1, 7, 3584]) hidden_states=tensor([[[ 2.1719, -0.7812,  3.3125,  ..., -0.0574,  0.2217,  3.7188],
         [ 1.3906,  1.3672, -3.4531,  ..., -2.7500, -0.0640, -5.4062],
         [ 2.5312, -0.2520, -2.4219,  ..., -3.2031,  2.9219, -0.3906],
         ...,
         [ 0.4102, -2.5625, -1.7031,  ..., -0.5820,  1.8438,  0.5586],
         [-0.0476,  0.3789, -0.3262,  ..., -1.0234, -1.5781, -1.2891],
         [-2.4531, -1.4922, -0.2539,  ...,  0.1895,  0.0645, -3.8906]]],
       device='cuda:0', dtype=torch.bfloat16)
attention_mask.size()=torch.Size([1, 7]) attention_mask=tensor([[1, 1, 1, 1, 1, 1, 1]], device='cuda:0')
position_ids.size()=torch.Size([1, 7]) position_ids=tensor([[106, 107, 108, 109, 110, 111, 112]], device='cuda:0')
past_key_values.key_cache[layer_idx].size()=torch.Size([1, 4, 104, 128])
use_cache=True
num_logits_to_keep=1
output_attentions=False
output_hidden_states=False
cache_position=tensor([112], device='cuda:0')
before audio text time: 147.22743563191034
====================================================================================================
self.mtp_idx=2
layer_idx=30
input_ids.size()=torch.Size([1, 7]) input_ids=tensor([[159683, 151675,  36676,  17795,    429, 151674, 167328]],
       device='cuda:0')
hidden_states.size()=torch.Size([1, 7, 3584]) hidden_states=tensor([[[-2.0469,  3.2500, -1.2344,  ...,  0.9648,  0.1021, -1.9297],
         [ 4.0000, -0.0364,  2.4375,  ...,  2.0625, -0.5391, -2.0625],
         [-0.7070, -1.8359, -1.6250,  ..., -1.0547,  4.3125,  0.9727],
         ...,
         [ 2.6250,  1.0234, -0.2139,  ...,  3.2188, -0.8203,  0.9414],
         [ 1.6094, -0.7969,  1.9141,  ...,  2.7969,  1.2266, -2.3594],
         [-2.1250,  1.0547, -5.8438,  ...,  1.3438, -2.4375, -5.2500]]],
       device='cuda:0', dtype=torch.bfloat16)
attention_mask.size()=torch.Size([1, 7]) attention_mask=tensor([[1, 1, 1, 1, 1, 1, 1]], device='cuda:0')
position_ids.size()=torch.Size([1, 7]) position_ids=tensor([[107, 108, 109, 110, 111, 112, 113]], device='cuda:0')
past_key_values.key_cache[layer_idx].size()=torch.Size([1, 4, 104, 128])
use_cache=True
num_logits_to_keep=1
output_attentions=False
output_hidden_states=False
cache_position=tensor([113], device='cuda:0')
before audio text time: 147.23205553891603
====================================================================================================
self.mtp_idx=3
layer_idx=31
input_ids.size()=torch.Size([1, 7]) input_ids=tensor([[151675,  36676,  17795,    429, 151674, 167328, 157972]],
       device='cuda:0')
hidden_states.size()=torch.Size([1, 7, 3584]) hidden_states=tensor([[[ 0.4375, -3.2812, -1.6016,  ..., -2.8438,  4.7188,  0.8086],
         [ 0.9414, -1.5234, -2.4844,  ..., -1.7188,  6.0000,  1.7344],
         [ 2.0625, -2.3281, -4.2500,  ...,  0.1523,  1.6641,  4.7812],
         ...,
         [ 0.3691,  2.6406, -0.4863,  ...,  3.2344,  1.0859,  2.0781],
         [-0.3770,  1.9219, -3.7188,  ...,  1.7734, -1.5312,  1.3047],
         [ 2.0938,  1.6172, -4.8750,  ..., -4.3125, -1.0938, -3.4219]]],
       device='cuda:0', dtype=torch.bfloat16)
attention_mask.size()=torch.Size([1, 7]) attention_mask=tensor([[1, 1, 1, 1, 1, 1, 1]], device='cuda:0')
position_ids.size()=torch.Size([1, 7]) position_ids=tensor([[108, 109, 110, 111, 112, 113, 114]], device='cuda:0')
past_key_values.key_cache[layer_idx].size()=torch.Size([1, 4, 104, 128])
use_cache=True
num_logits_to_keep=1
output_attentions=False
output_hidden_states=False
cache_position=tensor([114], device='cuda:0')
before audio text time: 147.23669103498105
====================================================================================================
self.mtp_idx=4
layer_idx=32
input_ids.size()=torch.Size([1, 111]) input_ids=tensor([[    25,  24453,    198,   7771,  28217,     25,   8593,    271,  65354,
            304,    264,   1467,   7409,   3230,  94968,   4141,  11566,     13,
         151645,    198, 151644,    872,    271, 151674, 162500, 161106, 153561,
         157528, 153516, 163481, 157562, 153964, 163732, 153549, 163801, 165268,
         167646, 158718, 163430, 155568, 161956, 159671, 157315, 162993, 166750,
         157820, 164518, 161813, 161064, 153915, 166836, 153549, 156389, 167223,
         164953, 159468, 163280, 160710, 164439, 157865, 162035, 164981, 166889,
         153296, 153911, 152701, 167636, 160402, 167348, 158048, 162793, 167997,
         165553, 156239, 152182, 154497, 159044, 163637, 152063, 164105, 167658,
         153137, 166381, 156223, 167096, 166725, 166725, 166725, 166725, 166725,
         166725, 166725, 163902, 151675, 151645,    198, 151644,  77091,    198,
            785, 151674, 165980, 159683, 151675,  36676,  17795,    429, 151674,
         167328, 157972, 155910]], device='cuda:0')
hidden_states.size()=torch.Size([1, 111, 3584]) hidden_states=tensor([[[-4.2188,  4.0312,  2.5469,  ..., -2.7031,  4.5000, -0.2148],
         [ 0.0669,  2.6875,  3.0000,  ..., -4.5000,  3.5781, -0.8906],
         [ 2.5781,  1.6172,  2.9219,  ..., -1.4453, -0.8672, -0.5898],
         ...,
         [-1.9141,  1.1484, -3.8906,  ..., -1.1562, -1.1328, -0.8242],
         [-3.3438, -1.6094, -8.2500,  ..., -3.0938, -0.9766, -3.2656],
         [-1.1328, -5.0938, -3.5000,  ...,  3.2344, -3.1562, -3.3281]]],
       device='cuda:0', dtype=torch.bfloat16)
attention_mask.size()=torch.Size([1, 111]) attention_mask=tensor([[1, 1, 1, 1, 1, 1, 1, 1, 1, 1, 1, 1, 1, 1, 1, 1, 1, 1, 1, 1, 1, 1, 1, 1,
         1, 1, 1, 1, 1, 1, 1, 1, 1, 1, 1, 1, 1, 1, 1, 1, 1, 1, 1, 1, 1, 1, 1, 1,
         1, 1, 1, 1, 1, 1, 1, 1, 1, 1, 1, 1, 1, 1, 1, 1, 1, 1, 1, 1, 1, 1, 1, 1,
         1, 1, 1, 1, 1, 1, 1, 1, 1, 1, 1, 1, 1, 1, 1, 1, 1, 1, 1, 1, 1, 1, 1, 1,
         1, 1, 1, 1, 1, 1, 1, 1, 1, 1, 1, 1, 1, 1, 1]], device='cuda:0')
position_ids.size()=torch.Size([1, 111]) position_ids=tensor([[  5,   6,   7,   8,   9,  10,  11,  12,  13,  14,  15,  16,  17,  18,
          19,  20,  21,  22,  23,  24,  25,  26,  27,  28,  29,  30,  31,  32,
          33,  34,  35,  36,  37,  38,  39,  40,  41,  42,  43,  44,  45,  46,
          47,  48,  49,  50,  51,  52,  53,  54,  55,  56,  57,  58,  59,  60,
          61,  62,  63,  64,  65,  66,  67,  68,  69,  70,  71,  72,  73,  74,
          75,  76,  77,  78,  79,  80,  81,  82,  83,  84,  85,  86,  87,  88,
          89,  90,  91,  92,  93,  94,  95,  96,  97,  98,  99, 100, 101, 102,
         103, 104, 105, 106, 107, 108, 109, 110, 111, 112, 113, 114, 115]],
       device='cuda:0')
use_cache=True
num_logits_to_keep=1
output_attentions=False
output_hidden_states=False
cache_position=tensor([115], device='cuda:0')
before audio text time: 147.24556056398433
====================================================================================================
self.mtp_idx=5
layer_idx=33
input_ids.size()=torch.Size([1, 111]) input_ids=tensor([[ 24453,    198,   7771,  28217,     25,   8593,    271,  65354,    304,
            264,   1467,   7409,   3230,  94968,   4141,  11566,     13, 151645,
            198, 151644,    872,    271, 151674, 162500, 161106, 153561, 157528,
         153516, 163481, 157562, 153964, 163732, 153549, 163801, 165268, 167646,
         158718, 163430, 155568, 161956, 159671, 157315, 162993, 166750, 157820,
         164518, 161813, 161064, 153915, 166836, 153549, 156389, 167223, 164953,
         159468, 163280, 160710, 164439, 157865, 162035, 164981, 166889, 153296,
         153911, 152701, 167636, 160402, 167348, 158048, 162793, 167997, 165553,
         156239, 152182, 154497, 159044, 163637, 152063, 164105, 167658, 153137,
         166381, 156223, 167096, 166725, 166725, 166725, 166725, 166725, 166725,
         166725, 163902, 151675, 151645,    198, 151644,  77091,    198,    785,
         151674, 165980, 159683, 151675,  36676,  17795,    429, 151674, 167328,
         157972, 155910, 165453]], device='cuda:0')
hidden_states.size()=torch.Size([1, 111, 3584]) hidden_states=tensor([[[ 1.6250,  1.4219,  7.1875,  ..., -5.9375,  2.8906,  4.6250],
         [ 3.0469,  1.5625, -3.2969,  ..., -9.8125, -0.3633,  2.9688],
         [-0.7969, -0.1992, -0.2188,  ..., -3.5938,  0.0542,  4.1562],
         ...,
         [ 0.9414, -1.9219, -3.9531,  ..., -3.6562, -0.6211, -3.2344],
         [ 1.3750, -3.8750, -4.1250,  ...,  0.2617, -4.6250, -3.2188],
         [ 1.3125, -2.7344, -4.5938,  ...,  3.8281, -5.6875, -1.1250]]],
       device='cuda:0', dtype=torch.bfloat16)
attention_mask.size()=torch.Size([1, 111]) attention_mask=tensor([[1, 1, 1, 1, 1, 1, 1, 1, 1, 1, 1, 1, 1, 1, 1, 1, 1, 1, 1, 1, 1, 1, 1, 1,
         1, 1, 1, 1, 1, 1, 1, 1, 1, 1, 1, 1, 1, 1, 1, 1, 1, 1, 1, 1, 1, 1, 1, 1,
         1, 1, 1, 1, 1, 1, 1, 1, 1, 1, 1, 1, 1, 1, 1, 1, 1, 1, 1, 1, 1, 1, 1, 1,
         1, 1, 1, 1, 1, 1, 1, 1, 1, 1, 1, 1, 1, 1, 1, 1, 1, 1, 1, 1, 1, 1, 1, 1,
         1, 1, 1, 1, 1, 1, 1, 1, 1, 1, 1, 1, 1, 1, 1]], device='cuda:0')
position_ids.size()=torch.Size([1, 111]) position_ids=tensor([[  6,   7,   8,   9,  10,  11,  12,  13,  14,  15,  16,  17,  18,  19,
          20,  21,  22,  23,  24,  25,  26,  27,  28,  29,  30,  31,  32,  33,
          34,  35,  36,  37,  38,  39,  40,  41,  42,  43,  44,  45,  46,  47,
          48,  49,  50,  51,  52,  53,  54,  55,  56,  57,  58,  59,  60,  61,
          62,  63,  64,  65,  66,  67,  68,  69,  70,  71,  72,  73,  74,  75,
          76,  77,  78,  79,  80,  81,  82,  83,  84,  85,  86,  87,  88,  89,
          90,  91,  92,  93,  94,  95,  96,  97,  98,  99, 100, 101, 102, 103,
         104, 105, 106, 107, 108, 109, 110, 111, 112, 113, 114, 115, 116]],
       device='cuda:0')
use_cache=True
num_logits_to_keep=1
output_attentions=False
output_hidden_states=False
cache_position=tensor([116], device='cuda:0')
before audio text time: 147.25393865001388
====================================================================================================
self.mtp_idx=6
layer_idx=34
input_ids.size()=torch.Size([1, 111]) input_ids=tensor([[   198,   7771,  28217,     25,   8593,    271,  65354,    304,    264,
           1467,   7409,   3230,  94968,   4141,  11566,     13, 151645,    198,
         151644,    872,    271, 151674, 162500, 161106, 153561, 157528, 153516,
         163481, 157562, 153964, 163732, 153549, 163801, 165268, 167646, 158718,
         163430, 155568, 161956, 159671, 157315, 162993, 166750, 157820, 164518,
         161813, 161064, 153915, 166836, 153549, 156389, 167223, 164953, 159468,
         163280, 160710, 164439, 157865, 162035, 164981, 166889, 153296, 153911,
         152701, 167636, 160402, 167348, 158048, 162793, 167997, 165553, 156239,
         152182, 154497, 159044, 163637, 152063, 164105, 167658, 153137, 166381,
         156223, 167096, 166725, 166725, 166725, 166725, 166725, 166725, 166725,
         163902, 151675, 151645,    198, 151644,  77091,    198,    785, 151674,
         165980, 159683, 151675,  36676,  17795,    429, 151674, 167328, 157972,
         155910, 165453, 152313]], device='cuda:0')
hidden_states.size()=torch.Size([1, 111, 3584]) hidden_states=tensor([[[ -3.4844,   0.2734,   0.5195,  ..., -10.8750,   0.4922,   5.6250],
         [ -0.5312,   1.8047,   0.5117,  ...,  -7.8438,  -0.4414,   2.4844],
         [ -3.4375,  -4.4688,   2.4844,  ...,  -4.5312,  -1.2969,   3.8594],
         ...,
         [ -0.0156,  -2.5938,  -2.4531,  ...,   2.1562,  -4.7188,  -4.1562],
         [  3.4375,  -0.0703,  -3.0938,  ...,   1.0078,  -4.8750,   0.6445],
         [  1.2734,  -0.8672,  -6.4688,  ...,   3.3125,  -1.8047,  -1.9141]]],
       device='cuda:0', dtype=torch.bfloat16)
attention_mask.size()=torch.Size([1, 111]) attention_mask=tensor([[1, 1, 1, 1, 1, 1, 1, 1, 1, 1, 1, 1, 1, 1, 1, 1, 1, 1, 1, 1, 1, 1, 1, 1,
         1, 1, 1, 1, 1, 1, 1, 1, 1, 1, 1, 1, 1, 1, 1, 1, 1, 1, 1, 1, 1, 1, 1, 1,
         1, 1, 1, 1, 1, 1, 1, 1, 1, 1, 1, 1, 1, 1, 1, 1, 1, 1, 1, 1, 1, 1, 1, 1,
         1, 1, 1, 1, 1, 1, 1, 1, 1, 1, 1, 1, 1, 1, 1, 1, 1, 1, 1, 1, 1, 1, 1, 1,
         1, 1, 1, 1, 1, 1, 1, 1, 1, 1, 1, 1, 1, 1, 1]], device='cuda:0')
position_ids.size()=torch.Size([1, 111]) position_ids=tensor([[  7,   8,   9,  10,  11,  12,  13,  14,  15,  16,  17,  18,  19,  20,
          21,  22,  23,  24,  25,  26,  27,  28,  29,  30,  31,  32,  33,  34,
          35,  36,  37,  38,  39,  40,  41,  42,  43,  44,  45,  46,  47,  48,
          49,  50,  51,  52,  53,  54,  55,  56,  57,  58,  59,  60,  61,  62,
          63,  64,  65,  66,  67,  68,  69,  70,  71,  72,  73,  74,  75,  76,
          77,  78,  79,  80,  81,  82,  83,  84,  85,  86,  87,  88,  89,  90,
          91,  92,  93,  94,  95,  96,  97,  98,  99, 100, 101, 102, 103, 104,
         105, 106, 107, 108, 109, 110, 111, 112, 113, 114, 115, 116, 117]],
       device='cuda:0')
use_cache=True
num_logits_to_keep=1
output_attentions=False
output_hidden_states=False
cache_position=tensor([117], device='cuda:0')
before audio text time: 147.26198103500064
====================================================================================================
self.mtp_idx=7
layer_idx=35
input_ids.size()=torch.Size([1, 111]) input_ids=tensor([[  7771,  28217,     25,   8593,    271,  65354,    304,    264,   1467,
           7409,   3230,  94968,   4141,  11566,     13, 151645,    198, 151644,
            872,    271, 151674, 162500, 161106, 153561, 157528, 153516, 163481,
         157562, 153964, 163732, 153549, 163801, 165268, 167646, 158718, 163430,
         155568, 161956, 159671, 157315, 162993, 166750, 157820, 164518, 161813,
         161064, 153915, 166836, 153549, 156389, 167223, 164953, 159468, 163280,
         160710, 164439, 157865, 162035, 164981, 166889, 153296, 153911, 152701,
         167636, 160402, 167348, 158048, 162793, 167997, 165553, 156239, 152182,
         154497, 159044, 163637, 152063, 164105, 167658, 153137, 166381, 156223,
         167096, 166725, 166725, 166725, 166725, 166725, 166725, 166725, 163902,
         151675, 151645,    198, 151644,  77091,    198,    785, 151674, 165980,
         159683, 151675,  36676,  17795,    429, 151674, 167328, 157972, 155910,
         165453, 152313, 160397]], device='cuda:0')
hidden_states.size()=torch.Size([1, 111, 3584]) hidden_states=tensor([[[ -2.1562,   1.6719,   0.4746,  ...,  -8.9375,   1.3047,   4.5000],
         [ -0.8594,  -3.0469,  -0.8438,  ...,  -4.7500,  -1.0391,   6.0000],
         [  0.5625,   0.3242,  -1.8594,  ..., -13.6875,   4.7500,   7.5938],
         ...,
         [  1.8438,   0.9023,  -1.9297,  ...,   2.3594,  -1.5078,  -1.3906],
         [  0.5703,  -1.1328,  -5.5312,  ...,   4.3125,  -1.2266,  -3.6250],
         [ -1.9531,  -3.3125,  -2.2500,  ...,   4.6250,   1.9688,  -4.3125]]],
       device='cuda:0', dtype=torch.bfloat16)
attention_mask.size()=torch.Size([1, 111]) attention_mask=tensor([[1, 1, 1, 1, 1, 1, 1, 1, 1, 1, 1, 1, 1, 1, 1, 1, 1, 1, 1, 1, 1, 1, 1, 1,
         1, 1, 1, 1, 1, 1, 1, 1, 1, 1, 1, 1, 1, 1, 1, 1, 1, 1, 1, 1, 1, 1, 1, 1,
         1, 1, 1, 1, 1, 1, 1, 1, 1, 1, 1, 1, 1, 1, 1, 1, 1, 1, 1, 1, 1, 1, 1, 1,
         1, 1, 1, 1, 1, 1, 1, 1, 1, 1, 1, 1, 1, 1, 1, 1, 1, 1, 1, 1, 1, 1, 1, 1,
         1, 1, 1, 1, 1, 1, 1, 1, 1, 1, 1, 1, 1, 1, 1]], device='cuda:0')
position_ids.size()=torch.Size([1, 111]) position_ids=tensor([[  8,   9,  10,  11,  12,  13,  14,  15,  16,  17,  18,  19,  20,  21,
          22,  23,  24,  25,  26,  27,  28,  29,  30,  31,  32,  33,  34,  35,
          36,  37,  38,  39,  40,  41,  42,  43,  44,  45,  46,  47,  48,  49,
          50,  51,  52,  53,  54,  55,  56,  57,  58,  59,  60,  61,  62,  63,
          64,  65,  66,  67,  68,  69,  70,  71,  72,  73,  74,  75,  76,  77,
          78,  79,  80,  81,  82,  83,  84,  85,  86,  87,  88,  89,  90,  91,
          92,  93,  94,  95,  96,  97,  98,  99, 100, 101, 102, 103, 104, 105,
         106, 107, 108, 109, 110, 111, 112, 113, 114, 115, 116, 117, 118]],
       device='cuda:0')
use_cache=True
num_logits_to_keep=1
output_attentions=False
output_hidden_states=False
cache_position=tensor([118], device='cuda:0')
before audio text time: 147.2701551700011
8
> /WORK/PUBLIC/renju_work/jty/vita/infer/vitastreaming.py(344)run_infer_stream()
-> self._vocoder_diffusion_loop(audio_tokens,
(Pdb) ====================================================================================================
self.mtp_idx=0
layer_idx=28
input_ids.size()=torch.Size([1, 12]) input_ids=tensor([[151674, 167328, 157972, 155910, 165453, 152313, 160397, 151675,  84070,
            389,   6652,    220]], device='cuda:0')
hidden_states.size()=torch.Size([1, 12, 3584]) hidden_states=tensor([[[ 2.1719, -1.2188, -1.2031,  ..., -1.9766, -1.4531, -1.1406],
         [-2.1094,  1.5312, -2.2188,  ...,  3.0000, -0.8047,  0.7461],
         [-2.0469,  2.5781, -2.8594,  ...,  0.8594,  0.2598, -1.0312],
         ...,
         [ 2.3906, -1.6328, -3.3594,  ..., -1.7656, -1.4844, -1.8828],
         [-0.6328, -1.0703, -0.1011,  ..., -4.4688, -7.2188, -1.3359],
         [-1.9531, -2.3750, -3.7969,  ..., -2.6875, -1.7812, -1.8438]]],
       device='cuda:0', dtype=torch.bfloat16)
attention_mask.size()=torch.Size([1, 12]) attention_mask=tensor([[1, 1, 1, 1, 1, 1, 1, 1, 1, 1, 1, 1]], device='cuda:0')
position_ids.size()=torch.Size([1, 12]) position_ids=tensor([[112, 113, 114, 115, 116, 117, 118, 119, 120, 121, 122, 123]],
       device='cuda:0')
past_key_values.key_cache[layer_idx].size()=torch.Size([1, 4, 111, 128])
use_cache=True
num_logits_to_keep=1
output_attentions=False
output_hidden_states=False
cache_position=tensor([123], device='cuda:0')
====================================================================================================
self.mtp_idx=1
layer_idx=29
input_ids.size()=torch.Size([1, 12]) input_ids=tensor([[167328, 157972, 155910, 165453, 152313, 160397, 151675,  84070,    389,
           6652,    220, 151674]], device='cuda:0')
hidden_states.size()=torch.Size([1, 12, 3584]) hidden_states=tensor([[[ 0.0747,  0.9844,  0.9648,  ...,  2.8906, -4.5000, -2.4531],
         [-0.9727,  4.6562, -5.6250,  ...,  7.7812, -1.5312, -5.2500],
         [-0.3574,  0.2100, -1.4844,  ...,  6.2500, -6.1562, -7.3750],
         ...,
         [-0.0099, -6.0938,  2.4531,  ..., -5.3125, -4.7188, -2.2500],
         [ 2.4531, -5.2812, -1.2031,  ..., -0.4941, -1.9297, -1.6172],
         [-0.3887, -4.9062, -2.8594,  ...,  2.5781, -4.6875, -1.6094]]],
       device='cuda:0', dtype=torch.bfloat16)
attention_mask.size()=torch.Size([1, 12]) attention_mask=tensor([[1, 1, 1, 1, 1, 1, 1, 1, 1, 1, 1, 1]], device='cuda:0')
position_ids.size()=torch.Size([1, 12]) position_ids=tensor([[113, 114, 115, 116, 117, 118, 119, 120, 121, 122, 123, 124]],
       device='cuda:0')
past_key_values.key_cache[layer_idx].size()=torch.Size([1, 4, 111, 128])
use_cache=True
num_logits_to_keep=1
output_attentions=False
output_hidden_states=False
cache_position=tensor([124], device='cuda:0')
====================================================================================================
self.mtp_idx=2
layer_idx=30
input_ids.size()=torch.Size([1, 12]) input_ids=tensor([[157972, 155910, 165453, 152313, 160397, 151675,  84070,    389,   6652,
            220, 151674, 158204]], device='cuda:0')
hidden_states.size()=torch.Size([1, 12, 3584]) hidden_states=tensor([[[ 0.1631, -3.8125, -1.8984,  ..., -0.3652, -2.0781, -3.5938],
         [ 0.0986, -5.7812,  1.1250,  ...,  9.1250, -1.8672, -1.8672],
         [ 1.8594, -4.0312,  0.0187,  ...,  7.5000, -2.6250, -2.6719],
         ...,
         [ 0.3867, -5.8438,  1.3828,  ...,  0.4297, -3.6094, -2.7500],
         [ 0.9492, -8.0625, -1.2812,  ...,  0.1328, -1.9297, -0.3301],
         [-0.5508, -8.1875, -2.4531,  ...,  1.0234,  8.4375, -2.9844]]],
       device='cuda:0', dtype=torch.bfloat16)
attention_mask.size()=torch.Size([1, 12]) attention_mask=tensor([[1, 1, 1, 1, 1, 1, 1, 1, 1, 1, 1, 1]], device='cuda:0')
position_ids.size()=torch.Size([1, 12]) position_ids=tensor([[114, 115, 116, 117, 118, 119, 120, 121, 122, 123, 124, 125]],
       device='cuda:0')
past_key_values.key_cache[layer_idx].size()=torch.Size([1, 4, 111, 128])
use_cache=True
num_logits_to_keep=1
output_attentions=False
output_hidden_states=False
cache_position=tensor([125], device='cuda:0')
====================================================================================================
self.mtp_idx=3
layer_idx=31
input_ids.size()=torch.Size([1, 12]) input_ids=tensor([[155910, 165453, 152313, 160397, 151675,  84070,    389,   6652,    220,
         151674, 158204, 151953]], device='cuda:0')
hidden_states.size()=torch.Size([1, 12, 3584]) hidden_states=tensor([[[-1.3516, -5.7500, -2.4531,  ...,  3.5156, -8.3750, -4.6875],
         [ 2.1719, -2.0156, -1.8594,  ...,  6.0312, -1.8984, -2.9844],
         [ 0.2305, -4.2812, -2.8906,  ...,  5.5312, -0.0442, -2.7500],
         ...,
         [ 1.8203, -0.0106,  0.3613,  ...,  2.0469,  1.2031, -2.0625],
         [-1.6719, -2.9219, -3.8281,  ...,  1.9297,  2.6719, -2.7969],
         [ 2.8750, -5.7500, -2.7500,  ...,  2.9375,  1.7031, -2.2969]]],
       device='cuda:0', dtype=torch.bfloat16)
attention_mask.size()=torch.Size([1, 12]) attention_mask=tensor([[1, 1, 1, 1, 1, 1, 1, 1, 1, 1, 1, 1]], device='cuda:0')
position_ids.size()=torch.Size([1, 12]) position_ids=tensor([[115, 116, 117, 118, 119, 120, 121, 122, 123, 124, 125, 126]],
       device='cuda:0')
past_key_values.key_cache[layer_idx].size()=torch.Size([1, 4, 111, 128])
use_cache=True
num_logits_to_keep=1
output_attentions=False
output_hidden_states=False
cache_position=tensor([126], device='cuda:0')
====================================================================================================
self.mtp_idx=4
layer_idx=32
input_ids.size()=torch.Size([1, 12]) input_ids=tensor([[165453, 152313, 160397, 151675,  84070,    389,   6652,    220, 151674,
         158204, 151953, 154955]], device='cuda:0')
hidden_states.size()=torch.Size([1, 12, 3584]) hidden_states=tensor([[[ 0.6484, -6.2188, -0.6953,  ...,  7.0625, -8.9375, -5.9062],
         [-1.9531, -6.8438, -4.3438,  ...,  4.1562, -0.3223, -3.3125],
         [ 0.2412, -6.8125, -1.1797,  ...,  4.4688,  2.9844, -5.0312],
         ...,
         [-1.2891, -3.0938, -3.5938,  ...,  3.4375,  3.5000, -1.8984],
         [-0.8008, -3.7344, -1.4219,  ...,  0.6719, -4.0625, -0.4531],
         [ 1.9453,  1.4297,  0.3379,  ..., -0.9883,  0.6016, -1.8438]]],
       device='cuda:0', dtype=torch.bfloat16)
attention_mask.size()=torch.Size([1, 12]) attention_mask=tensor([[1, 1, 1, 1, 1, 1, 1, 1, 1, 1, 1, 1]], device='cuda:0')
position_ids.size()=torch.Size([1, 12]) position_ids=tensor([[116, 117, 118, 119, 120, 121, 122, 123, 124, 125, 126, 127]],
       device='cuda:0')
past_key_values.key_cache[layer_idx].size()=torch.Size([1, 4, 111, 128])
use_cache=True
num_logits_to_keep=1
output_attentions=False
output_hidden_states=False
cache_position=tensor([127], device='cuda:0')
====================================================================================================
self.mtp_idx=5
layer_idx=33
input_ids.size()=torch.Size([1, 12]) input_ids=tensor([[152313, 160397, 151675,  84070,    389,   6652,    220, 151674, 158204,
         151953, 154955, 152903]], device='cuda:0')
hidden_states.size()=torch.Size([1, 12, 3584]) hidden_states=tensor([[[-0.7070, -3.7656, -4.7812,  ...,  6.0000, -3.8906, -4.0625],
         [-3.3594, -6.3125, -2.2500,  ...,  1.1875,  2.3906, -6.7812],
         [-2.7656, -4.9062, -0.5156,  ...,  1.9609,  1.8594, -0.3340],
         ...,
         [-0.6016, -4.8750, -1.5469,  ...,  2.2188, -1.9141, -2.6094],
         [ 1.4219,  1.1406, -0.3789,  ..., -0.4336,  0.3438, -1.9141],
         [-1.2891, -4.2812, -2.1250,  ..., -0.4062,  0.7266, -2.5781]]],
       device='cuda:0', dtype=torch.bfloat16)
attention_mask.size()=torch.Size([1, 12]) attention_mask=tensor([[1, 1, 1, 1, 1, 1, 1, 1, 1, 1, 1, 1]], device='cuda:0')
position_ids.size()=torch.Size([1, 12]) position_ids=tensor([[117, 118, 119, 120, 121, 122, 123, 124, 125, 126, 127, 128]],
       device='cuda:0')
past_key_values.key_cache[layer_idx].size()=torch.Size([1, 4, 111, 128])
use_cache=True
num_logits_to_keep=1
output_attentions=False
output_hidden_states=False
cache_position=tensor([128], device='cuda:0')
====================================================================================================
self.mtp_idx=6
layer_idx=34
input_ids.size()=torch.Size([1, 12]) input_ids=tensor([[160397, 151675,  84070,    389,   6652,    220, 151674, 158204, 151953,
         154955, 152903, 161792]], device='cuda:0')
hidden_states.size()=torch.Size([1, 12, 3584]) hidden_states=tensor([[[ 0.6016, -4.4688, -2.5781,  ...,  1.2188, -1.0703, -1.4375],
         [-1.4766, -6.3750, -0.4336,  ...,  4.0312,  0.7461, -0.6953],
         [ 3.7656, -1.6250,  2.8281,  ...,  3.0625,  1.1953, -3.0469],
         ...,
         [ 0.9844,  2.4375,  1.7891,  ..., -1.5703, -1.5703, -1.6172],
         [-2.4062, -1.7031,  0.1279,  ..., -2.0938,  1.2344,  0.7344],
         [-3.8281,  2.4844, -4.9688,  ...,  5.9062, -0.8047,  0.7656]]],
       device='cuda:0', dtype=torch.bfloat16)
attention_mask.size()=torch.Size([1, 12]) attention_mask=tensor([[1, 1, 1, 1, 1, 1, 1, 1, 1, 1, 1, 1]], device='cuda:0')
position_ids.size()=torch.Size([1, 12]) position_ids=tensor([[118, 119, 120, 121, 122, 123, 124, 125, 126, 127, 128, 129]],
       device='cuda:0')
past_key_values.key_cache[layer_idx].size()=torch.Size([1, 4, 111, 128])
use_cache=True
num_logits_to_keep=1
output_attentions=False
output_hidden_states=False
cache_position=tensor([129], device='cuda:0')
--KeyboardInterrupt--
(Pdb) --KeyboardInterrupt--
(Pdb) --KeyboardInterrupt--
(Pdb) --KeyboardInterrupt--
(Pdb) 