[03/24/2026-10:24:20] [TRT] [I] Loaded engine size: 337 MiB
[03/24/2026-10:24:20] [TRT] [I] [MS] Running engine with multi stream info
[03/24/2026-10:24:20] [TRT] [I] [MS] Number of aux streams is 1
[03/24/2026-10:24:20] [TRT] [I] [MS] Number of total worker streams is 2
[03/24/2026-10:24:20] [TRT] [I] [MS] The main stream provided by execute/enqueue calls is the first worker stream
[03/24/2026-10:24:21] [TRT] [I] [MemUsageChange] TensorRT-managed allocation in IExecutionContext creation: CPU +0, GPU +9365, now: CPU 0, GPU 9677 (MiB)
Notice: ffmpeg is not installed. torchaudio is used to load audio
If you want to use ffmpeg backend to load audio, please install it by:
	sudo apt install ffmpeg # ubuntu
	# brew install ffmpeg # mac
[03/24/2026-10:24:32] [TRT] [W] Using default stream in enqueueV3() may lead to performance issues due to additional calls to cudaStreamSynchronize() by TensorRT to ensure correct synchronization. Please use non-default stream instead.
====================================================================================================
self.mtp_idx=0
layer_idx=28
input_ids.size()=torch.Size([1, 104]) input_ids=tensor([[  8948,    198,   7771,   3988,     25,  24453,    198,   7771,  28217,
             25,   8593,    271,  65354,    304,    264,   1467,   7409,   3230,
          94968,   4141,  11566,     13, 151645,    198, 151644,    872,    271,
         151674, 162500, 161106, 153561, 157528, 153516, 163481, 157562, 153964,
         163732, 153549, 163801, 165268, 167646, 158718, 163430, 155568, 161956,
         159671, 157315, 162993, 166750, 157820, 164518, 161813, 161064, 153915,
         166836, 153549, 156389, 167223, 164953, 159468, 163280, 160710, 164439,
         157865, 162035, 164981, 166889, 153296, 153911, 152701, 167636, 160402,
         167348, 158048, 162793, 167997, 165553, 156239, 152182, 154497, 159044,
         163637, 152063, 164105, 167658, 153137, 166381, 156223, 167096, 166725,
         166725, 166725, 166725, 166725, 166725, 166725, 163902, 151675, 151645,
            198, 151644,  77091,    198,    785]], device='cuda:0')
hidden_states.size()=torch.Size([1, 104, 3584]) hidden_states=tensor([[[-0.2109, -1.6953, -0.7617,  ...,  0.2734,  1.3047,  1.2188],
         [-0.1592, -1.6562, -0.6445,  ...,  0.0977,  1.5391,  1.3594],
         [ 0.1138, -0.0825, -0.1162,  ..., -0.0243,  0.1230,  0.0288],
         ...,
         [ 0.7930, -1.2812,  1.9453,  ..., -3.7344,  1.5469,  1.9531],
         [-0.2070, -0.7305,  0.3809,  ..., -0.8750,  0.4961,  1.3672],
         [-2.6094, -1.0234,  2.6719,  ...,  1.4141,  2.6094,  2.9844]]],
       device='cuda:0', dtype=torch.bfloat16)
attention_mask.size()=torch.Size([1, 104]) attention_mask=tensor([[1, 1, 1, 1, 1, 1, 1, 1, 1, 1, 1, 1, 1, 1, 1, 1, 1, 1, 1, 1, 1, 1, 1, 1,
         1, 1, 1, 1, 1, 1, 1, 1, 1, 1, 1, 1, 1, 1, 1, 1, 1, 1, 1, 1, 1, 1, 1, 1,
         1, 1, 1, 1, 1, 1, 1, 1, 1, 1, 1, 1, 1, 1, 1, 1, 1, 1, 1, 1, 1, 1, 1, 1,
         1, 1, 1, 1, 1, 1, 1, 1, 1, 1, 1, 1, 1, 1, 1, 1, 1, 1, 1, 1, 1, 1, 1, 1,
         1, 1, 1, 1, 1, 1, 1, 1]], device='cuda:0')
use_cache=True
num_logits_to_keep=1
output_attentions=False
output_hidden_states=False
cache_position=None
====================================================================================================
self.mtp_idx=1
layer_idx=29
input_ids.size()=torch.Size([1, 104]) input_ids=tensor([[   198,   7771,   3988,     25,  24453,    198,   7771,  28217,     25,
           8593,    271,  65354,    304,    264,   1467,   7409,   3230,  94968,
           4141,  11566,     13, 151645,    198, 151644,    872,    271, 151674,
         162500, 161106, 153561, 157528, 153516, 163481, 157562, 153964, 163732,
         153549, 163801, 165268, 167646, 158718, 163430, 155568, 161956, 159671,
         157315, 162993, 166750, 157820, 164518, 161813, 161064, 153915, 166836,
         153549, 156389, 167223, 164953, 159468, 163280, 160710, 164439, 157865,
         162035, 164981, 166889, 153296, 153911, 152701, 167636, 160402, 167348,
         158048, 162793, 167997, 165553, 156239, 152182, 154497, 159044, 163637,
         152063, 164105, 167658, 153137, 166381, 156223, 167096, 166725, 166725,
         166725, 166725, 166725, 166725, 166725, 163902, 151675, 151645,    198,
         151644,  77091,    198,    785, 151674]], device='cuda:0')
hidden_states.size()=torch.Size([1, 104, 3584]) hidden_states=tensor([[[ 3.5781, -5.5000, -1.6484,  ...,  1.4609,  5.0625,  1.7578],
         [ 0.0737,  0.8789,  0.9922,  ...,  1.0625, -1.2812, -0.0884],
         [ 1.7656, -2.5312,  2.1719,  ..., -3.0156, -3.1719, -0.1270],
         ...,
         [ 0.2461, -0.1621, -2.5469,  ..., -4.9688,  0.3223, -2.0000],
         [-2.5625,  0.1118,  0.2695,  ...,  0.0618, -0.4258,  3.2031],
         [-0.9062, -1.1562,  2.8906,  ...,  0.1660,  2.4062,  4.0312]]],
       device='cuda:0', dtype=torch.bfloat16)
attention_mask.size()=torch.Size([1, 104]) attention_mask=tensor([[1, 1, 1, 1, 1, 1, 1, 1, 1, 1, 1, 1, 1, 1, 1, 1, 1, 1, 1, 1, 1, 1, 1, 1,
         1, 1, 1, 1, 1, 1, 1, 1, 1, 1, 1, 1, 1, 1, 1, 1, 1, 1, 1, 1, 1, 1, 1, 1,
         1, 1, 1, 1, 1, 1, 1, 1, 1, 1, 1, 1, 1, 1, 1, 1, 1, 1, 1, 1, 1, 1, 1, 1,
         1, 1, 1, 1, 1, 1, 1, 1, 1, 1, 1, 1, 1, 1, 1, 1, 1, 1, 1, 1, 1, 1, 1, 1,
         1, 1, 1, 1, 1, 1, 1, 1]], device='cuda:0')
use_cache=True
num_logits_to_keep=1
output_attentions=False
output_hidden_states=False
cache_position=None
====================================================================================================
self.mtp_idx=2
layer_idx=30
input_ids.size()=torch.Size([1, 104]) input_ids=tensor([[  7771,   3988,     25,  24453,    198,   7771,  28217,     25,   8593,
            271,  65354,    304,    264,   1467,   7409,   3230,  94968,   4141,
          11566,     13, 151645,    198, 151644,    872,    271, 151674, 162500,
         161106, 153561, 157528, 153516, 163481, 157562, 153964, 163732, 153549,
         163801, 165268, 167646, 158718, 163430, 155568, 161956, 159671, 157315,
         162993, 166750, 157820, 164518, 161813, 161064, 153915, 166836, 153549,
         156389, 167223, 164953, 159468, 163280, 160710, 164439, 157865, 162035,
         164981, 166889, 153296, 153911, 152701, 167636, 160402, 167348, 158048,
         162793, 167997, 165553, 156239, 152182, 154497, 159044, 163637, 152063,
         164105, 167658, 153137, 166381, 156223, 167096, 166725, 166725, 166725,
         166725, 166725, 166725, 166725, 163902, 151675, 151645,    198, 151644,
          77091,    198,    785, 151674, 165980]], device='cuda:0')
hidden_states.size()=torch.Size([1, 104, 3584]) hidden_states=tensor([[[-1.0625, -1.7109,  0.1016,  ..., -0.3965,  2.6719, -2.4219],
         [ 0.9727, -4.4688,  0.3340,  ..., -0.8320, -2.7656, -0.1040],
         [-1.4609,  1.7812, -1.4062,  ..., -1.6016,  2.0156,  0.1260],
         ...,
         [-2.6719, -0.0337,  0.3965,  ...,  2.4062,  1.1875,  3.4062],
         [ 1.4375,  2.3906,  2.9219,  ...,  0.9805,  2.2500,  6.0000],
         [-1.5781,  2.2188, -1.2109,  ..., -1.6250,  0.7266,  1.8828]]],
       device='cuda:0', dtype=torch.bfloat16)
attention_mask.size()=torch.Size([1, 104]) attention_mask=tensor([[1, 1, 1, 1, 1, 1, 1, 1, 1, 1, 1, 1, 1, 1, 1, 1, 1, 1, 1, 1, 1, 1, 1, 1,
         1, 1, 1, 1, 1, 1, 1, 1, 1, 1, 1, 1, 1, 1, 1, 1, 1, 1, 1, 1, 1, 1, 1, 1,
         1, 1, 1, 1, 1, 1, 1, 1, 1, 1, 1, 1, 1, 1, 1, 1, 1, 1, 1, 1, 1, 1, 1, 1,
         1, 1, 1, 1, 1, 1, 1, 1, 1, 1, 1, 1, 1, 1, 1, 1, 1, 1, 1, 1, 1, 1, 1, 1,
         1, 1, 1, 1, 1, 1, 1, 1]], device='cuda:0')
use_cache=True
num_logits_to_keep=1
output_attentions=False
output_hidden_states=False
cache_position=None
====================================================================================================
self.mtp_idx=3
layer_idx=31
input_ids.size()=torch.Size([1, 104]) input_ids=tensor([[  3988,     25,  24453,    198,   7771,  28217,     25,   8593,    271,
          65354,    304,    264,   1467,   7409,   3230,  94968,   4141,  11566,
             13, 151645,    198, 151644,    872,    271, 151674, 162500, 161106,
         153561, 157528, 153516, 163481, 157562, 153964, 163732, 153549, 163801,
         165268, 167646, 158718, 163430, 155568, 161956, 159671, 157315, 162993,
         166750, 157820, 164518, 161813, 161064, 153915, 166836, 153549, 156389,
         167223, 164953, 159468, 163280, 160710, 164439, 157865, 162035, 164981,
         166889, 153296, 153911, 152701, 167636, 160402, 167348, 158048, 162793,
         167997, 165553, 156239, 152182, 154497, 159044, 163637, 152063, 164105,
         167658, 153137, 166381, 156223, 167096, 166725, 166725, 166725, 166725,
         166725, 166725, 166725, 163902, 151675, 151645,    198, 151644,  77091,
            198,    785, 151674, 165980, 159683]], device='cuda:0')
hidden_states.size()=torch.Size([1, 104, 3584]) hidden_states=tensor([[[-4.8438, -2.7500,  2.0938,  ..., -1.0156, -0.5234,  2.6406],
         [-3.9062,  4.5625, -3.7812,  ..., -5.3125,  4.4375,  1.3516],
         [-2.5781,  1.7500, -1.8125,  ..., -3.3906,  3.0625, -2.1875],
         ...,
         [ 2.2812, -0.1826, -1.9609,  ..., -0.3223,  1.6484,  3.0781],
         [ 0.2715,  6.5625, -3.3594,  ...,  1.1797,  1.2422,  2.4062],
         [-3.3594,  1.1953, -0.7461,  ..., -2.3281, -0.6055, -2.2031]]],
       device='cuda:0', dtype=torch.bfloat16)
attention_mask.size()=torch.Size([1, 104]) attention_mask=tensor([[1, 1, 1, 1, 1, 1, 1, 1, 1, 1, 1, 1, 1, 1, 1, 1, 1, 1, 1, 1, 1, 1, 1, 1,
         1, 1, 1, 1, 1, 1, 1, 1, 1, 1, 1, 1, 1, 1, 1, 1, 1, 1, 1, 1, 1, 1, 1, 1,
         1, 1, 1, 1, 1, 1, 1, 1, 1, 1, 1, 1, 1, 1, 1, 1, 1, 1, 1, 1, 1, 1, 1, 1,
         1, 1, 1, 1, 1, 1, 1, 1, 1, 1, 1, 1, 1, 1, 1, 1, 1, 1, 1, 1, 1, 1, 1, 1,
         1, 1, 1, 1, 1, 1, 1, 1]], device='cuda:0')
use_cache=True
num_logits_to_keep=1
output_attentions=False
output_hidden_states=False
cache_position=None
====================================================================================================
self.mtp_idx=0
layer_idx=28
input_ids.size()=torch.Size([1, 7]) input_ids=tensor([[151674, 165980, 159683, 151675,  36676,  17795,    429]],
       device='cuda:0')
hidden_states.size()=torch.Size([1, 7, 3584]) hidden_states=tensor([[[ 2.7031, -2.3125,  0.6250,  ..., -2.4219,  2.3281,  1.7422],
         [ 4.7188, -0.5039,  2.1250,  ..., -0.9492,  2.5781, -0.9219],
         [ 1.4688,  0.0352, -1.8438,  ...,  0.7188, -1.6172, -1.1328],
         ...,
         [ 1.5859, -4.7188,  0.3086,  ..., -2.0156,  3.0781,  3.6406],
         [ 3.0938, -5.8125,  0.3418,  ...,  0.4375,  2.2812,  4.3125],
         [ 0.4922, -1.9062, -1.3594,  ..., -0.4121,  2.5469,  3.1094]]],
       device='cuda:0', dtype=torch.bfloat16)
attention_mask.size()=torch.Size([1, 7]) attention_mask=tensor([[1, 1, 1, 1, 1, 1, 1]], device='cuda:0')
past_key_values.key_cache[layer_idx].size()=torch.Size([1, 4, 104, 128])
use_cache=True
num_logits_to_keep=1
output_attentions=False
output_hidden_states=False
cache_position=None
====================================================================================================
self.mtp_idx=1
layer_idx=29
input_ids.size()=torch.Size([1, 7]) input_ids=tensor([[165980, 159683, 151675,  36676,  17795,    429, 151674]],
       device='cuda:0')
hidden_states.size()=torch.Size([1, 7, 3584]) hidden_states=tensor([[[ 2.0156, -0.9922,  3.1406,  ..., -0.3340, -0.1719,  3.7188],
         [ 1.5469,  1.3594, -3.4688,  ..., -2.7188, -0.0184, -5.6875],
         [ 2.8438, -0.2256, -2.3594,  ..., -2.9844,  3.0469, -0.6016],
         ...,
         [-0.2207, -4.0000, -0.7070,  ..., -0.1104,  2.3125,  0.4414],
         [ 0.6758, -0.3184,  0.1621,  ..., -1.4062, -2.2344, -0.6758],
         [-2.1406, -1.7031, -0.5352,  ...,  0.6445,  0.3516, -4.1562]]],
       device='cuda:0', dtype=torch.bfloat16)
attention_mask.size()=torch.Size([1, 7]) attention_mask=tensor([[1, 1, 1, 1, 1, 1, 1]], device='cuda:0')
past_key_values.key_cache[layer_idx].size()=torch.Size([1, 4, 104, 128])
use_cache=True
num_logits_to_keep=1
output_attentions=False
output_hidden_states=False
cache_position=None
====================================================================================================
self.mtp_idx=2
layer_idx=30
input_ids.size()=torch.Size([1, 7]) input_ids=tensor([[159683, 151675,  36676,  17795,    429, 151674, 167328]],
       device='cuda:0')
hidden_states.size()=torch.Size([1, 7, 3584]) hidden_states=tensor([[[-1.5625,  2.9375, -1.3516,  ...,  1.0625,  0.3965, -1.6719],
         [ 4.2812,  0.0364,  2.4219,  ...,  1.9922, -0.1562, -2.0781],
         [-0.2617, -1.8047, -3.7812,  ..., -1.8359,  5.2500,  0.2305],
         ...,
         [ 2.7500,  0.0693,  0.0104,  ...,  1.7422, -0.4180,  0.3652],
         [ 1.8828, -0.5273,  2.6094,  ...,  2.6094,  1.3906, -2.0469],
         [-2.0469,  0.9023, -5.6875,  ...,  1.3750, -2.5156, -5.1562]]],
       device='cuda:0', dtype=torch.bfloat16)
attention_mask.size()=torch.Size([1, 7]) attention_mask=tensor([[1, 1, 1, 1, 1, 1, 1]], device='cuda:0')
past_key_values.key_cache[layer_idx].size()=torch.Size([1, 4, 104, 128])
use_cache=True
num_logits_to_keep=1
output_attentions=False
output_hidden_states=False
cache_position=None
====================================================================================================
self.mtp_idx=3
layer_idx=31
input_ids.size()=torch.Size([1, 7]) input_ids=tensor([[151675,  36676,  17795,    429, 151674, 167328, 157972]],
       device='cuda:0')
hidden_states.size()=torch.Size([1, 7, 3584]) hidden_states=tensor([[[-0.1040, -3.2188,  0.5781,  ...,  2.9844,  2.0938, -3.4062],
         [ 0.3379, -2.4375, -4.0938,  ..., -0.7695,  6.0312, -2.0469],
         [ 1.3516, -3.0625, -3.5469,  ...,  0.2490,  2.6875,  4.5000],
         ...,
         [ 0.2598,  2.4375, -0.5234,  ...,  3.5781,  0.8789,  1.9688],
         [-0.2461,  2.0781, -3.7812,  ...,  1.5547, -1.1797,  1.2109],
         [ 1.6953,  1.9531, -5.1250,  ..., -3.8594, -0.8477, -2.7656]]],
       device='cuda:0', dtype=torch.bfloat16)
attention_mask.size()=torch.Size([1, 7]) attention_mask=tensor([[1, 1, 1, 1, 1, 1, 1]], device='cuda:0')
past_key_values.key_cache[layer_idx].size()=torch.Size([1, 4, 104, 128])
use_cache=True
num_logits_to_keep=1
output_attentions=False
output_hidden_states=False
cache_position=None
====================================================================================================
self.mtp_idx=4
layer_idx=32
input_ids.size()=torch.Size([1, 111]) input_ids=tensor([[    25,  24453,    198,   7771,  28217,     25,   8593,    271,  65354,
            304,    264,   1467,   7409,   3230,  94968,   4141,  11566,     13,
         151645,    198, 151644,    872,    271, 151674, 162500, 161106, 153561,
         157528, 153516, 163481, 157562, 153964, 163732, 153549, 163801, 165268,
         167646, 158718, 163430, 155568, 161956, 159671, 157315, 162993, 166750,
         157820, 164518, 161813, 161064, 153915, 166836, 153549, 156389, 167223,
         164953, 159468, 163280, 160710, 164439, 157865, 162035, 164981, 166889,
         153296, 153911, 152701, 167636, 160402, 167348, 158048, 162793, 167997,
         165553, 156239, 152182, 154497, 159044, 163637, 152063, 164105, 167658,
         153137, 166381, 156223, 167096, 166725, 166725, 166725, 166725, 166725,
         166725, 166725, 163902, 151675, 151645,    198, 151644,  77091,    198,
            785, 151674, 165980, 159683, 151675,  36676,  17795,    429, 151674,
         167328, 157972, 155910]], device='cuda:0')
hidden_states.size()=torch.Size([1, 111, 3584]) hidden_states=tensor([[[-4.2188,  4.0312,  2.5469,  ..., -2.7031,  4.5000, -0.2148],
         [ 0.0742,  2.7031,  2.9844,  ..., -4.5312,  3.5781, -0.9023],
         [ 2.5938,  1.6094,  2.9375,  ..., -1.4141, -0.8789, -0.5938],
         ...,
         [-3.1406,  2.2656, -5.6250,  ..., -3.0469, -0.8398, -0.3613],
         [-3.4375, -0.7109, -6.6562,  ..., -3.0781, -1.0781, -2.7969],
         [-1.1875, -4.9062, -2.5156,  ...,  3.6562, -3.4062, -2.5156]]],
       device='cuda:0', dtype=torch.bfloat16)
attention_mask.size()=torch.Size([1, 111]) attention_mask=tensor([[1, 1, 1, 1, 1, 1, 1, 1, 1, 1, 1, 1, 1, 1, 1, 1, 1, 1, 1, 1, 1, 1, 1, 1,
         1, 1, 1, 1, 1, 1, 1, 1, 1, 1, 1, 1, 1, 1, 1, 1, 1, 1, 1, 1, 1, 1, 1, 1,
         1, 1, 1, 1, 1, 1, 1, 1, 1, 1, 1, 1, 1, 1, 1, 1, 1, 1, 1, 1, 1, 1, 1, 1,
         1, 1, 1, 1, 1, 1, 1, 1, 1, 1, 1, 1, 1, 1, 1, 1, 1, 1, 1, 1, 1, 1, 1, 1,
         1, 1, 1, 1, 1, 1, 1, 1, 1, 1, 1, 1, 1, 1, 1]], device='cuda:0')
use_cache=True
num_logits_to_keep=1
output_attentions=False
output_hidden_states=False
cache_position=None
====================================================================================================
self.mtp_idx=5
layer_idx=33
input_ids.size()=torch.Size([1, 111]) input_ids=tensor([[ 24453,    198,   7771,  28217,     25,   8593,    271,  65354,    304,
            264,   1467,   7409,   3230,  94968,   4141,  11566,     13, 151645,
            198, 151644,    872,    271, 151674, 162500, 161106, 153561, 157528,
         153516, 163481, 157562, 153964, 163732, 153549, 163801, 165268, 167646,
         158718, 163430, 155568, 161956, 159671, 157315, 162993, 166750, 157820,
         164518, 161813, 161064, 153915, 166836, 153549, 156389, 167223, 164953,
         159468, 163280, 160710, 164439, 157865, 162035, 164981, 166889, 153296,
         153911, 152701, 167636, 160402, 167348, 158048, 162793, 167997, 165553,
         156239, 152182, 154497, 159044, 163637, 152063, 164105, 167658, 153137,
         166381, 156223, 167096, 166725, 166725, 166725, 166725, 166725, 166725,
         166725, 163902, 151675, 151645,    198, 151644,  77091,    198,    785,
         151674, 165980, 159683, 151675,  36676,  17795,    429, 151674, 167328,
         157972, 155910, 165453]], device='cuda:0')
hidden_states.size()=torch.Size([1, 111, 3584]) hidden_states=tensor([[[ 1.6250,  1.4219,  7.1875,  ..., -5.9375,  2.8906,  4.6250],
         [ 3.0625,  1.5469, -3.3594,  ..., -9.8750, -0.3867,  2.9688],
         [-0.7852, -0.2129, -0.2109,  ..., -3.5938,  0.0134,  4.1562],
         ...,
         [-0.7461,  0.7344, -3.6406,  ..., -3.3438, -0.9727, -4.1875],
         [ 1.4531, -3.8125, -3.7500,  ...,  0.3574, -4.9688, -3.1094],
         [ 1.4688, -2.6094, -4.4375,  ...,  4.0625, -6.1562, -0.0598]]],
       device='cuda:0', dtype=torch.bfloat16)
attention_mask.size()=torch.Size([1, 111]) attention_mask=tensor([[1, 1, 1, 1, 1, 1, 1, 1, 1, 1, 1, 1, 1, 1, 1, 1, 1, 1, 1, 1, 1, 1, 1, 1,
         1, 1, 1, 1, 1, 1, 1, 1, 1, 1, 1, 1, 1, 1, 1, 1, 1, 1, 1, 1, 1, 1, 1, 1,
         1, 1, 1, 1, 1, 1, 1, 1, 1, 1, 1, 1, 1, 1, 1, 1, 1, 1, 1, 1, 1, 1, 1, 1,
         1, 1, 1, 1, 1, 1, 1, 1, 1, 1, 1, 1, 1, 1, 1, 1, 1, 1, 1, 1, 1, 1, 1, 1,
         1, 1, 1, 1, 1, 1, 1, 1, 1, 1, 1, 1, 1, 1, 1]], device='cuda:0')
use_cache=True
num_logits_to_keep=1
output_attentions=False
output_hidden_states=False
cache_position=None
====================================================================================================
self.mtp_idx=6
layer_idx=34
input_ids.size()=torch.Size([1, 111]) input_ids=tensor([[   198,   7771,  28217,     25,   8593,    271,  65354,    304,    264,
           1467,   7409,   3230,  94968,   4141,  11566,     13, 151645,    198,
         151644,    872,    271, 151674, 162500, 161106, 153561, 157528, 153516,
         163481, 157562, 153964, 163732, 153549, 163801, 165268, 167646, 158718,
         163430, 155568, 161956, 159671, 157315, 162993, 166750, 157820, 164518,
         161813, 161064, 153915, 166836, 153549, 156389, 167223, 164953, 159468,
         163280, 160710, 164439, 157865, 162035, 164981, 166889, 153296, 153911,
         152701, 167636, 160402, 167348, 158048, 162793, 167997, 165553, 156239,
         152182, 154497, 159044, 163637, 152063, 164105, 167658, 153137, 166381,
         156223, 167096, 166725, 166725, 166725, 166725, 166725, 166725, 166725,
         163902, 151675, 151645,    198, 151644,  77091,    198,    785, 151674,
         165980, 159683, 151675,  36676,  17795,    429, 151674, 167328, 157972,
         155910, 165453, 160463]], device='cuda:0')
hidden_states.size()=torch.Size([1, 111, 3584]) hidden_states=tensor([[[ -3.4844,   0.2734,   0.5195,  ..., -10.8750,   0.4922,   5.6250],
         [ -0.5195,   1.7578,   0.5039,  ...,  -7.8438,  -0.4277,   2.4531],
         [ -3.5000,  -4.4688,   2.4844,  ...,  -4.5312,  -1.2969,   3.8906],
         ...,
         [  0.1152,  -2.9062,  -1.9453,  ...,   2.2500,  -4.1875,  -3.4062],
         [  2.7656,  -0.7070,  -3.2188,  ...,   1.3281,  -5.1562,   0.6875],
         [  0.8086,  -0.5703,  -6.5312,  ...,   3.8281,  -2.0000,  -2.1875]]],
       device='cuda:0', dtype=torch.bfloat16)
attention_mask.size()=torch.Size([1, 111]) attention_mask=tensor([[1, 1, 1, 1, 1, 1, 1, 1, 1, 1, 1, 1, 1, 1, 1, 1, 1, 1, 1, 1, 1, 1, 1, 1,
         1, 1, 1, 1, 1, 1, 1, 1, 1, 1, 1, 1, 1, 1, 1, 1, 1, 1, 1, 1, 1, 1, 1, 1,
         1, 1, 1, 1, 1, 1, 1, 1, 1, 1, 1, 1, 1, 1, 1, 1, 1, 1, 1, 1, 1, 1, 1, 1,
         1, 1, 1, 1, 1, 1, 1, 1, 1, 1, 1, 1, 1, 1, 1, 1, 1, 1, 1, 1, 1, 1, 1, 1,
         1, 1, 1, 1, 1, 1, 1, 1, 1, 1, 1, 1, 1, 1, 1]], device='cuda:0')
use_cache=True
num_logits_to_keep=1
output_attentions=False
output_hidden_states=False
cache_position=None
====================================================================================================
self.mtp_idx=7
layer_idx=35
input_ids.size()=torch.Size([1, 111]) input_ids=tensor([[  7771,  28217,     25,   8593,    271,  65354,    304,    264,   1467,
           7409,   3230,  94968,   4141,  11566,     13, 151645,    198, 151644,
            872,    271, 151674, 162500, 161106, 153561, 157528, 153516, 163481,
         157562, 153964, 163732, 153549, 163801, 165268, 167646, 158718, 163430,
         155568, 161956, 159671, 157315, 162993, 166750, 157820, 164518, 161813,
         161064, 153915, 166836, 153549, 156389, 167223, 164953, 159468, 163280,
         160710, 164439, 157865, 162035, 164981, 166889, 153296, 153911, 152701,
         167636, 160402, 167348, 158048, 162793, 167997, 165553, 156239, 152182,
         154497, 159044, 163637, 152063, 164105, 167658, 153137, 166381, 156223,
         167096, 166725, 166725, 166725, 166725, 166725, 166725, 166725, 163902,
         151675, 151645,    198, 151644,  77091,    198,    785, 151674, 165980,
         159683, 151675,  36676,  17795,    429, 151674, 167328, 157972, 155910,
         165453, 160463, 160397]], device='cuda:0')
hidden_states.size()=torch.Size([1, 111, 3584]) hidden_states=tensor([[[ -2.1562,   1.6719,   0.4746,  ...,  -8.9375,   1.3047,   4.5000],
         [ -0.8438,  -3.0469,  -0.8359,  ...,  -4.7188,  -1.0078,   5.9375],
         [  0.5547,   0.3340,  -1.8984,  ..., -13.6875,   4.7812,   7.6562],
         ...,
         [  1.9297,   0.1396,  -1.7969,  ...,   2.0156,  -1.0391,  -1.5469],
         [  0.5039,  -1.5859,  -5.4062,  ...,   4.6875,  -1.3672,  -3.8281],
         [ -2.2500,  -2.5938,  -2.4375,  ...,   4.8125,   2.1406,  -4.4688]]],
       device='cuda:0', dtype=torch.bfloat16)
attention_mask.size()=torch.Size([1, 111]) attention_mask=tensor([[1, 1, 1, 1, 1, 1, 1, 1, 1, 1, 1, 1, 1, 1, 1, 1, 1, 1, 1, 1, 1, 1, 1, 1,
         1, 1, 1, 1, 1, 1, 1, 1, 1, 1, 1, 1, 1, 1, 1, 1, 1, 1, 1, 1, 1, 1, 1, 1,
         1, 1, 1, 1, 1, 1, 1, 1, 1, 1, 1, 1, 1, 1, 1, 1, 1, 1, 1, 1, 1, 1, 1, 1,
         1, 1, 1, 1, 1, 1, 1, 1, 1, 1, 1, 1, 1, 1, 1, 1, 1, 1, 1, 1, 1, 1, 1, 1,
         1, 1, 1, 1, 1, 1, 1, 1, 1, 1, 1, 1, 1, 1, 1]], device='cuda:0')
use_cache=True
num_logits_to_keep=1
output_attentions=False
output_hidden_states=False
cache_position=None
8
time from t0 to vocoder one step: 0.8526582519989461
time from t0 to vocoder one step: 1.0048437470104545
time from t0 to vocoder one step: 1.0086415879195556
time from t0 to vocoder one step: 1.015744577976875
time from t0 to vocoder one step: 1.0238297899486497
time from t0 to vocoder one step: 1.0319176599150524
time from t0 to vocoder one step: 1.0399897180031985
time from t0 to vocoder one step: 1.0481144069926813
time from t0 to vocoder one step: 1.0562029429711401
time from t0 to vocoder one step: 1.064293546951376
> /WORK/PUBLIC/renju_work/jty/vita/infer/vitaspecdiff.py(286)run_infer_stream()
-> new_input = torch.cat([input_ids, torch.stack(toks, 1)], dim=1)
(Pdb) (Pdb) (Pdb) --KeyboardInterrupt--
(Pdb) --KeyboardInterrupt--
(Pdb) --KeyboardInterrupt--
(Pdb) 